4 4 4 4 4 3 3 3 3 3 3 3 3 3 3 2 2 2 2 2
4 4 4 4 4 3 3 3 3 3 3 3 3 3 3 2 2 1 1 1
4 4 4 4 3 3 3 3 3 3 3 3 3 3 2 2 2 1 1 1
4 4 4 4 3 3 3 3 3 3 3 3 3 3 2 2 1 1 1 1
4 4 4 4 3 3 3 3 3 3 3 3 3 2 2 1 1 1 1 1
4 4 4 4 3 4 4 4 4 4 2 2 2 2 5 1 1 1 1 1
4 4 4 4 3 4 4 4 4 4 4 4 5 5 5 1 1 1 1 1
4 4 4 4 3 4 4 4 4 4 4 4 5 5 5 1 5 1 1 1
4 4 4 4 4 4 4 4 4 4 4 5 5 5 5 1 5 5 1 1
4 4 4 4 4 4 4 4 4 4 4 5 5 5 5 1 5 5 5 1
4 4 4 4 4 5 5 4 4 - 5 5 5 5 5 1 5 5 5 1
4 4 4 4 4 5 5 5 4 5 5 5 5 5 5 5 5 5 1 1
4 4 4 4 4 5 5 5 5 5 5 5 5 5 5 5 5 5 1 1
4 5 4 4 4 5 5 5 5 5 5 5 5 5 5 5 5 5 1 1
5 5 4 4 4 5 5 5 5 5 5 1 1 1 5 5 1 1 1 1
5 5 4 4 5 5 5 5 5 5 5 1 1 1 1 1 1 1 1 1
5 5 4 4 5 5 5 5 1 1 5 1 1 1 1 1 1 1 1 1
5 5 5 5 5 1 1 1 1 1 1 1 1 1 1 1 1 1 1 1
5 5 1 1 1 1 1 1 1 1 1 1 1 1 1 1 1 1 1 1
5 1 1 1 1 1 1 1 1 1 1 1 1 1 1 1 1 1 1 1

====================
PARTITION SUMMARY:
Drone 1: 121 cells | Drone 2: 18 cells | Drone 3: 52 cells | Drone 4: 104 cells | Drone 5: 104 cells